33.99
36.05
37.08
19.57
18.54
38.11
30.9
28.84
35.02
25.75
20.6
39
19.57
39
17.51
39.14
37.08
21.63
36.05
25.75
31.93
20.6
22.66
39.14
23.69
28.84
19.57
22.66
16.48
18.54
21.63
33.99
38.11
16.48
38.11
39
39.14
27.81
27.81
32.96
37.08
32.96
31.93
39
31.93
33.99
39.14
27.81
39.14
32.96
37.08
28.84
38.11
18.54
26.78
19.57
30.9
29.87
26.78
31.93
31.93
31.93
24.72
28.84
32.96
20.6
27.81
29.87
31.93
39
21.63
27.81
30.9
37.08
27.81
20.6
29.87
24.72
32.96
26.78
16.48
27.81
39
38.11
29.87
24.72
16.48
19.57
39.14
26.78
35.02
29.87
17.51
17.51
16.48
33.99
22.66
27.81
21.63
38.11
25.75
27.81
24.72
39
23.69
36.05
20.6
37.08
18.54
37.08
21.63
19.57
22.66
20.6
39
37.08
29.87
16.48
39
26.78
26.78